{ "mtx" : [[772.07218515,0., 634.15206573],[0., 771.9959048 , 366.5862172 ],[0.,0.,1.]],
"dist" : [[ 0.09361794, -0.22823167,  0.00027023, -0.00095334,  0.09892737]],
"mtx2" : [[4.,  0.,     0.],[0., -4., 4.0*105],[0.,  0.,     1.]],
"rot" :[[ 1.70225617],[-1.6599105],[ 0.79778074]],
"trans" : [-1.57344933, 80.92147334, 44.30539103]}

